Photon    Coherent Incoher. Photoel. Nuclear  Electron Tot. w/  Tot. wo/ 
Energy    Scatter. Scatter. Absorb.  Pr. Prd. Pr. Prd. Coherent Coherent 

5.000E-03 4.993E+00 3.575E-02 5.246E+02 0.000E+00 0.000E+00 5.296E+02 5.246E+02 
5.012E-03 4.984E+00 3.582E-02 5.214E+02 0.000E+00 0.000E+00 5.264E+02 5.214E+02 
5.012E-03 4.984E+00 3.582E-02 7.457E+02 0.000E+00 0.000E+00 7.507E+02 7.457E+02 
5.099E-03 4.926E+00 3.634E-02 7.135E+02 0.000E+00 0.000E+00 7.184E+02 7.135E+02 
5.188E-03 4.871E+00 3.686E-02 6.826E+02 0.000E+00 0.000E+00 6.875E+02 6.827E+02 
5.188E-03 4.871E+00 3.686E-02 7.399E+02 0.000E+00 0.000E+00 7.448E+02 7.399E+02 
5.273E-03 4.820E+00 3.735E-02 7.105E+02 0.000E+00 0.000E+00 7.154E+02 7.106E+02 
5.359E-03 4.770E+00 3.784E-02 6.824E+02 0.000E+00 0.000E+00 6.872E+02 6.824E+02 
5.359E-03 4.770E+00 3.784E-02 7.871E+02 0.000E+00 0.000E+00 7.919E+02 7.872E+02 
5.534E-03 4.669E+00 3.882E-02 7.267E+02 0.000E+00 0.000E+00 7.314E+02 7.267E+02 
5.714E-03 4.566E+00 3.980E-02 6.710E+02 0.000E+00 0.000E+00 6.756E+02 6.711E+02 
5.714E-03 4.566E+00 3.980E-02 7.215E+02 0.000E+00 0.000E+00 7.262E+02 7.216E+02 
6.000E-03 4.409E+00 4.133E-02 6.404E+02 0.000E+00 0.000E+00 6.449E+02 6.405E+02 
8.000E-03 3.498E+00 5.092E-02 3.036E+02 0.000E+00 0.000E+00 3.071E+02 3.036E+02 
1.000E-02 2.843E+00 5.922E-02 1.682E+02 0.000E+00 0.000E+00 1.711E+02 1.683E+02 
1.500E-02 1.871E+00 7.519E-02 5.621E+01 0.000E+00 0.000E+00 5.816E+01 5.628E+01 
2.000E-02 1.336E+00 8.581E-02 2.544E+01 0.000E+00 0.000E+00 2.686E+01 2.552E+01 
3.000E-02 7.626E-01 9.833E-02 8.185E+00 0.000E+00 0.000E+00 9.045E+00 8.283E+00 
3.317E-02 6.576E-01 1.009E-01 6.163E+00 0.000E+00 0.000E+00 6.921E+00 6.264E+00 
3.317E-02 6.576E-01 1.009E-01 2.046E+01 0.000E+00 0.000E+00 2.122E+01 2.056E+01 
3.455E-02 6.189E-01 1.018E-01 1.838E+01 0.000E+00 0.000E+00 1.910E+01 1.848E+01 
3.598E-02 5.823E-01 1.027E-01 1.650E+01 0.000E+00 0.000E+00 1.718E+01 1.660E+01 
3.598E-02 5.823E-01 1.027E-01 2.958E+01 0.000E+00 0.000E+00 3.026E+01 2.968E+01 
4.000E-02 4.967E-01 1.049E-01 2.237E+01 0.000E+00 0.000E+00 2.297E+01 2.247E+01 
5.000E-02 3.530E-01 1.085E-01 1.241E+01 0.000E+00 0.000E+00 1.287E+01 1.252E+01 
6.000E-02 2.639E-01 1.102E-01 7.547E+00 0.000E+00 0.000E+00 7.921E+00 7.657E+00 
8.000E-02 1.625E-01 1.108E-01 3.404E+00 0.000E+00 0.000E+00 3.677E+00 3.514E+00 
1.000E-01 1.101E-01 1.093E-01 1.816E+00 0.000E+00 0.000E+00 2.035E+00 1.925E+00 
1.500E-01 5.357E-02 1.030E-01 5.725E-01 0.000E+00 0.000E+00 7.291E-01 6.755E-01 
2.000E-01 3.171E-02 9.654E-02 2.523E-01 0.000E+00 0.000E+00 3.805E-01 3.488E-01