-20.007 -0.82271 72.535
-21.004 -29.087 74.948
26.761 -30.694 69.224
-3.7271 12.303 69.132
-20.788 24.193 70.253
-27.409 -20.357 69.665
4.2645 -14.787 68.85
-0.63728 -10.515 73.924
2.9673 -45.915 74.186
-6.9705 2.4989 67.653
4.3667 39.373 69.159
11.524 -5.5882 73.5
7.0281 20.58 74.341
11.881 22.096 71.337
-5.0559 -2.8474 74.259
0.19511 32.834 70.12
-19.406 12.251 68.243
-40.137 4.096 70.99
0.75922 -6.947 73.956
-47.88 4.3093 70.382
-27.669 9.0964 71.394
18.536 11.647 73.379
27.597 14.358 68.076
12.519 -12.84 70.226
-2.0934 37.517 73.636
2.6495 45.444 68.355
10.276 -4.714 69.324
19.012 -11.161 68.71
32.762 17.44 68.842
-37.13 0.062559 67.597
4.6102 16.642 71.031
-25.186 36.963 70.79
-12.369 -7.2431 73.837
-38.253 -6.4333 68.616
-34.793 -9.3068 71.073
16.14 -2.9864 69.388
-32.499 1.2263 73.273
0.16082 -19.537 70.478
-38.17 11.814 69.83
-18.216 2.5169 70.907
8.093 -17.113 74.185
9.7883 -33.806 74.762
-11.525 -10.299 67.641
14.865 9.8794 73.599
-26.506 5.7892 73.766
-17.577 -42.81 70.914
-3.2056 21.216 68.559
-29.874 2.4647 73.003
-47.46 -6.7112 73.065
3.6489 -1.8162 67.952
18.66 -13.993 70.415
5.2555 7.6037 70.234
-41.822 0.016714 68.908
9.413 -37.611 68.075
22.599 4.0946 74.264
-29.926 -18.621 72.311
-10.128 0.81086 73.416
2.5345 -19.565 72.344
-15.072 1.3349 69.741
2.4173 44.498 70.419
-30.865 -16.807 68.734
-6.3258 -37.329 69.373
25.135 20.677 72.4
45.956 -0.89905 73.364
-6.1998 -14.252 71.387
-18.598 -30.438 73.657
-35.846 -3.8665 67.829
-9.3123 -8.8468 70.68
-5.3592 -15.87 72.304
-2.9262 18.585 74.416
-3.5348 -3.2391 67.939
-4.4113 4.9875 69.36
-1.8388 -15.952 71.354
-12.2 16.561 69.918
-15.731 21.559 71.061
-40.88 -4.8524 69.516
3.3828 -40.206 73.211
-9.7383 36.437 70.502
-4.2555 -47.939 68.005
6.386 -0.29222 70.2
-15.805 22.717 74.074
-30.403 19.508 71.229
-8.0183 0.24486 68.927
-15.016 -3.3677 73.969
6.6428 27.454 71.627
13.597 -42.795 72.848
-19.979 -14.6 71.928
-25.284 34.904 71.224
4.7145 -5.9921 69.338
-15.429 17.181 70.884
-13.836 -25.807 69.708
44.38 -1.9937 73.232
10.318 10.081 74.149
-12.744 -15.702 69.675
20.575 -19.741 68.41
1.7379 -22.22 71.522
-12.446 -10.942 72.347
-38.83 -25.499 71.762
10.918 27.684 68.86
-19.699 -8.9654 68.482
-9.0425 1.6448 68.204
-2.0006 -17.524 73.798
-29.357 6.8889 72.427
2.1999 -32.624 71.794
-35.944 -1.6611 68.523
10.293 -12.825 74.818
41.98 1.8304 73.045
1.5464 -49.223 71.394
37.564 -7.8683 67.631
-32.554 -12.546 72.687
31.002 16.651 70.236
13.856 6.1487 72.759
-14.345 31.666 72.712
6.0656 41.926 71.785
7.4981 -11.907 67.728
13.461 13.081 72.769
20.711 26.232 74.385
-6.2973 25.489 74.452
-17.051 16.136 74.848
10.714 19.41 71.406
5.6071 -45.191 69.897
6.4987 -26.893 73.865
16.717 28.009 68.827
21.013 -37.778 72.356
-23.865 -5.8292 69.265
-21.22 -31.737 73.814
7.7968 14.744 74.84
-4.5253 17.064 72.332
-18.819 -7.665 67.55
17.586 22.865 72.692
-0.060105 -44.016 72.395
30.008 32.619 74.913
-0.1 37.385 68.596
10.543 16.518 67.777
13.628 30.192 71.195
-7.7887 -27.651 70.965
-7.5386 18.468 72.534
-4.3173 -13.567 71.938
3.8192 4.0814 70.835
-15.016 7.8021 68.906
-2.9153 -25.894 71.286
-9.5207 12.152 70.617
-20.61 31.227 71.627
-8.4749 -21.998 67.882
5.6087 0.99717 72.922
10.411 22.111 69.787
39.087 2.7114 68.254
-3.0702 3.8811 68.095
-37.022 12.067 72.164
-25.844 -2.4536 72.845
0.96094 33.585 68.197
-11.823 -30.308 73.492
1.1042 32.357 72.554
13.152 -10.361 69.635
11.121 -16.405 72.41
3.1807 -7.5942 70.359
-21.998 -32.158 67.823
-38.728 -4.3769 73.671
7.0852 4.6487 74.462
10.435 11.03 71.515
-43.496 -4.1341 72.089
7.7979 -0.68444 67.646
47.947 3.8655 74.084
15.011 22.976 71.912
16.851 -25.396 74.08
-0.62389 -17.176 69.634
15.514 5.4419 67.687
-16.259 -4.6999 68.171
11.952 7.2095 72.078
-5.9872 2.1292 69.348
-19.584 -19.457 71.96
-43.096 2.3642 68.775
18.066 -10.577 73.137
-31.087 1.7932 69.57
-0.94101 -0.321 73.053
-0.16183 -46.283 72.68
31.633 5.0833 68.534
-2.6743 19.049 70.836
22.793 17.747 74.554
0.86799 16.778 69.97
-18.646 17.141 73.571
-25.785 20.564 72.748
35.049 6.2039 70.247
-3.8893 12.753 74.093
5.7945 37.43 70.758
24.205 0.85268 69.974
41.055 12.685 69.614
43.973 -0.99121 70.157
-45.594 12.235 71.431
23.393 -4.6289 74.181
6.1641 21.359 71.852
7.738 -17.909 68.713
26.523 30.569 73.078
12.141 -19.898 68.276
-11.91 23.191 71.57
1.0394 4.5076 72.113
11.335 4.7361 70.721
38.235 7.3132 71.059
1.8814 -10.628 69.908
-8.0525 -14.213 70.673
-21.614 41.48 72.921
-16.533 -1.7322 69.344
-10.474 -28.086 67.598
16.098 17.268 68.694
-30.64 -8.9795 70.511
14.044 -1.8286 70.171
-11.297 43.175 69.72
41.127 19.854 74.542
14.987 -13.015 68.476
-18.285 -5.2574 68.244
-21.552 -18.02 73.078
-0.90234 -34.381 71.5
26.352 31.77 70.459
-17.252 0.47941 69.916
15.452 1.1148 73.258
6.7038 -39.609 70.749
-12.262 22.434 69.24
5.6621 4.7081 72.318
45.501 17.131 68.54
-7.5364 22.11 70.746
-4.869 2.8719 74.029
-0.75915 -30.874 71.57
-8.3601 -41.185 72.367
26.811 4.4937 74.701
8.9068 -0.018374 69.161
-10.204 -14.301 69.933
6.2792 -18.232 69.705
-1.0268 23.448 74.709
-3.1658 46.031 73.62
-12.155 -1.9276 72.487
-8.7898 -16.531 73.486
25.91 10.096 74.344
-19.826 -8.6722 74.479
32.678 -27.481 68.191
-35.098 -10.877 72.791
-3.2574 29.092 74.347
2.4132 13.328 69.202
-0.11561 -48.502 68.141
-0.62516 -0.69658 71.248
-29.756 19.289 73.397
37.195 3.1903 71.493
-37.068 4.5238 69.322
-5.7902 -0.58237 69.953
-24.365 -3.2071 67.808
12.538 -0.38492 70.312
-8.215 -13.098 67.58
-45.313 -2.1138 70.678
12.966 -36.178 73.479
25.414 5.1032 71.019
4.6586 0.59216 69.351
21.066 -9.2334 73.277
16.43 26.825 70.297
-20.846 40.227 74.47
19.927 15.354 71.821
-24.228 5.4689 73.388
-0.90844 23.968 69.854
-24.712 30.13 74.298
-2.438 13.403 68.248
-38.11 17.599 71.56
1.9123 12.139 70.868
-37.595 -9.9692 69.625
-40.092 -16.641 71.335
3.7414 33.095 68.854
22.434 -8.6287 71.381
-1.6507 3.9639 73.065
-24.318 -0.72105 71.452
8.6531 -10.523 69.941
3.393 -4.8717 71.736
18.557 25.236 71.465
-28.305 -5.5305 70.909
-22.06 -18.544 67.888
8.4379 -13.903 71.326
-10.558 16.326 67.581
-37.897 -1.7711 72.691
6.6081 -23.687 67.602
-18.719 -2.5197 68.957
-0.32197 -4.443 69.883
-2.8809 -38.532 69.3
-2.836 20.719 74.859
24.317 -13.611 70.954
9.7369 29.965 73.669
-3.7697 21.427 70.74
6.8483 -3.0901 70.826
24.112 7.7887 72.285
40.327 8.4434 73.427
0.72018 -12.129 73.563
-5.6195 40.753 72.34
5.1439 20.081 73.419
41.49 0.56464 74.352
1.0889 -17.612 68.281
0.47196 31.496 74.279
3.7481 -30.929 70.907
33.996 2.2765 71.861
-32.811 1.4072 68.641
-19.04 4.4651 67.85
-11.893 -21.096 68.407
-31.228 -33.648 74.663
-16.574 3.6267 74.299
-12.402 -9.1556 74.593
23.236 -27.816 71.587
6.1018 4.9782 68.511
4.1861 29.509 73.288
-1.6059 3.1364 71.471
15.584 -25.79 68.565
-0.18111 1.5217 72.897
-0.9538 -27.082 71.36
39.086 18.121 73.928
-6.9994 -3.2566 72.339
8.7914 -7.726 70.073
-9.0425 -10.693 72.841
-7.2664 10.739 74.329
-28.058 0.71825 71.866
5.1296 -47.748 72.468
-21.487 9.1396 69.549
4.4538 33.31 70.75
-29.113 4.8996 70.845
-9.3704 33.025 68.849
-18.076 -3.9326 73.22
-39.095 -0.5044 67.661
11.213 -29.113 70.716
7.2167 -39.537 68.417
18.283 -5.6647 68.287
-6.6269 42.412 72.227
0.022612 -23.632 66.186
-16.09 22.959 60.041
-17.778 -8.1791 62.584
3.7292 -41.11 61.323
-4.7166 33.078 66.065
-6.1086 6.4021 63.13
34.442 0.67731 65.264
-25.976 4.8558 62.192
-38.364 -0.60494 64.485
-7.6256 -22.09 64.309
22.095 -9.7821 67.244
6.6328 -39.602 64.555
-2.7838 -42.673 61.205
3.4766 -31.284 66.613
-0.94049 7.5191 65.699
-26.318 -1.4744 64.245
7.4388 35.031 64.052
0.95978 -38.376 66.656
0.66083 -27.221 61.712
-6.743 -20.523 53.858
-17.733 -13.327 55.737
-26.707 4.0721 54.59
-17.096 4.6477 55.679
15.54 7.7423 51.815
-3.9191 -11.09 46.167
-3.1601 41.553 41.423
-34.429 -4.1711 44.153
4.8167 -1.4745 31.554
-28.19 -18.85 33.733
-7.152 -6.1122 24.921
-28.218 -7.7331 22.72
-6.2411 -21.272 17.285
-27.026 -4.4728 19.085
-6.2569 -13.952 5.7986
-37.7 -27.197 1.153
-21.476 5.5069 -0.902
15.899 34.584 -6.3762
41.013 1.3855 -10.034
-36.203 -1.6753 -12.485
-20.669 31.394 -24.728
-4.8714 -19.224 -24.694
12.535 5.2506 -25.6
0.10765 -30.378 -30.371
18.959 -11.315 -49.739
-5.8527 12.188 -43.301
14.992 -0.7128 -57.805
9.4139 30.379 -67.233
