-33.956 5.7631 -37.27
2.2881 44.506 57.784
17.115 -23.322 5.2036
0.472 -9.4392 -14.52
-15.332 -2.517 65.911
-9.5709 0.10335 34.913
4.6246 1.8287 -37.022
4.0863 5.463 -51.793
8.3192 14.777 21.728
12.544 -36.225 -15.422
-10.202 34.682 4.4313
-18.737 25.556 -46.163
-0.53981 44.402 -56.209
-1.3517 2.672 14.833
-12.213 -16.15 -1.1975
20.751 -5.3885 -51.056
21.938 16.914 -26.769
-0.2695 -26.708 -57.181
1.7644 10.117 -7.7799
-3.2829 -16.05 33.366
-27.314 12.848 59.497
34.105 12.933 -45.402
-1.9281 30.449 -32.781
-6.1251 7.0736 -20.461
2.2004 41.216 42.472
4.7193 37.879 -17.432
24.838 23.631 47.148
-33.121 3.286 -0.61733
-10.532 41.492 -43.276
4.959 19.489 63.663
9.2287 45.374 3.2397
9.0572 12.171 6.1113
-21.936 39.33 19.972
15.752 -18.024 29.753
28.609 -36.874 -66.255
40.441 17.129 67.461
-11.498 29.149 66.607
43.516 1.9701 -3.2211
-31.161 26.557 -59.063
-43.136 -0.048047 25.979
4.7222 36.788 -73.679
31.457 15.241 9.8322
4.7595 16.508 -28.166
-9.4039 -22.473 -74.555
38.724 1.3263 69.521
0.69647 -47.831 -0.98864
31.238 31.173 -39.485
-11.938 -43.206 16.207
-30.154 4.2763 40.425
-15.061 -20.18 -22.35
-29.199 -14.91 41.281
-10.11 -27.863 23.943
-24.552 23.71 17.212
20.55 2.285 -69.496
-1.7376 14.154 -71.114
-6.8169 -27.825 -34.742
9.983 -21.188 63.081
2.4466 -46.195 47.931
11.518 2.3553 35.703
28.561 38.395 -53.26
36.623 -1.2005 -56.861
11.406 -44.961 -33.357
10.339 -35.368 -73.739
31.352 -27.843 -43.979
-18.077 22.889 -7.5242
43.463 0.18921 21.793
-28.195 -0.40864 -65.305
4.1678 -45.793 -58.505
4.7292 -26.313 15.761
19.695 -13.359 -71.84
41.595 -6.1249 -24.567
24.158 11.951 61.181
-21.79 -12.951 -52.909
-11.814 16.876 32.749
-0.22204 -4.0308 61.123
48.128 -0.13682 -44.531
-16.645 38.116 37.362
19.693 14.194 -5.7831
28.891 7.0959 32.287
-15.321 10.592 11.679
24.312 -2.9311 73.015
-30.452 -33.013 -27.606
-5.7019 24.982 16.221
