-23.374 44.325 -147.98
0.54704 29.92 -53.92
-39.951 67.031 81.026
-3.4919 18.397 86.342
20.167 11.924 57.394
-2.1251 0.24159 19.806
6.031 -34.112 21.732
24.681 -9.1143 -94.385
-68.26 -1.7062 -46.451
27.635 81.407 -65.594
-28.967 -12.941 136.01
-58.559 -22.79 -109.14
18.991 -30.931 -9.5332
21.49 34.611 17.23
-44.295 12.126 -139.24
69.727 5.847 10.182
-35.086 2.4352 -31.368
-19.376 -33.286 45.646
-55.61 -22.771 63.205
-15.238 30.634 -26.737
-5.3539 -55.534 -36.359
-41.885 -24.201 6.1471
5.1789 -36.468 -77.176
-7.6284 47.6 39.402
-1.1182 -15.539 -50.157
-17.692 -9.7379 78.436
29.455 16.011 138.62
-43.402 53.947 113.62
64.344 56.928 -128.92
-9.7402 -83.812 -80.924
12.711 -67.54 -13.772
15.199 -39.825 90.031
-32.023 40.622 -117.33
28.716 -68.494 93.346
0.14483 89.784 70.722
-14.684 93.298 -65.189
72.704 -19.616 59.533
-15.153 -80.501 73.561
31.54 9.0412 -120.82
37.369 -32.781 53.915
-90.93 34.791 -146.33
86.814 -21.967 111.36
-32.94 54.005 -4.229
63.374 10.758 137.74
-5.423 63.527 -12.166
51.48 -5.8471 -144.78
-30.63 60.958 -88.086
-4.6975 2.1113 -22.658
-15.228 -77.839 28.33
-30.501 36.75 91.646
3.2408 21.69 -105.31
-40.276 39.664 -67.326
39.466 -70.643 11.433
-3.7704 -66.831 125.66
86.721 0.83951 -98.535
4.9072 43.365 -128.69
65.009 -33.008 -142.5
62.788 38.539 41.615
-10.55 -36.549 -4.0546
-15.369 -10.655 -89.969
-37.258 -61.047 143.49
-1.977 -28.378 121.32
0.6348 91.437 -92.987
93.271 1.6511 -26.537
3.2654 -51.932 59.514
33.085 74.202 139.91
81.987 30.15 -31.077
22.329 -4.6134 98.825
35.746 56.128 -13.282
46.082 -15.957 -42.073
17.44 32.983 -80.934
0.72344 21.288 116.43
-78.743 0.9232 3.28
-34.539 -49.26 -143.98
-66.643 -57.136 -30.982
-92.127 19.681 -116.03
20.09 24.408 -18.132
0.25871 83.878 104.36
-82.819 17.192 110.15
-16.308 1.1032 -145.85
57.648 -11.613 -70.992
-69.535 34.523 41.468
7.1647 96.986 139.4
