0.53476 1
3.4759 1
7.2193 1
10.428 1
14.973 1
17.914 1
21.39 1
25.401 1
29.412 1
31.818 0.99774
33.155 0.99774
33.69 0.97059
34.225 0.95023
34.492 0.92308
35.027 0.8914
35.294 0.86652
35.829 0.83937
36.631 0.82127
37.968 0.84389
39.572 0.86199
40.642 0.87557
42.513 0.8914
44.385 0.91176
47.059 0.92534
48.93 0.93665
51.872 0.95023
54.278 0.9638
58.556 0.96833
62.567 0.97511
68.182 0.9819
72.193 0.98643
77.54 0.98643
81.551 0.99095
87.166 0.99095
91.979 0.99095
96.791 0.99548
102.94 0.99321
108.82 0.99321
113.9 0.99321
119.79 0.99321
124.33 0.99548
132.35 0.99548
138.24 0.99548
144.92 0.99548
150.27 0.99774
